$ANSIBLE_VAULT;1.1;AES256
63356230393131353661663334623662393935623366623839623263306634343839336432376437
3537363034663265363161663436303836636562383633630a353335383564383739353639613265
64303564663938656534646661633161666635363536663666363131383865386263656535303931
6332356635613635360a613066313037633138623664646437653739343131626338646239353663
34376562613031666333323935666266343936663565313932313032616632653862393261303334
64363063363566323733336365336263633331353736646135343536306438373938613932393065
39613962393565363436323838323361383965393036396164643134376135333465613064343938
30343731343438373964623665663366363165373232313765333131653532646237366235323138
38623531386634303863383431313361353034386332613665383239336662333933623062396632
64333831666530326438666538306135626363623633646536303832643835656436623065666235
32643035343335363265356163623832626230663462663536353234366238313862313933333932
31666466393931366539666537333562356130643737646564613064373265393135613439313430
31326562616630376132616539306434613230373161353837643531363536383863633738663363
65346535396536376161323334346336646333643835346232643132656665626235666538353864
61346533356438316438336337626132313061663537376432376261663333306237663332623765
65393235373362303165333163373766613134666533643336316632623365376533333231383533
66643435383336306466383466663032306438613830323361646563666465616164343864643039
63363561656630313537316433353665373734373438383663623835323566363961633031613832
39316436336333323330383131343435363265366633326264643563336333326336633234646638
36373538633035366631646434346536636365636638323131663030653363363431383961666638
62366334633766373531313163323261313163366238353663343363346265633037653062623466
64633934386262383738363236336165653339343932303863636135383163626639393839633034
65336362613566666338636665393439653761636430623836333530393462633332333638303063
33613038623937326232633932363930623763343032643765613834303963623336623735393865
66316163343362393164393461333966643865623832346238356530623039663561646232653564
3034323437303665313634633833363436623239656536623836
